503
504
505
506
507
508
509
510
511
512
513
514
515
516
517
518
519
520
521-1
521
522
523
524
525
526
527
528
529
530
531-1
531
532
533
534
535
536
537
538
539
540
541
542
543
544
545
546
547
548
549-1
549
550-1
550-2
550
551
552
553
554-1
554
555-1
555-2
555-3
555
556
557
558
559
560
561
562-1
562
563
564
565
566
567
568
569-1
569
570-1
570
571-1
571
572
573
574
575
576
577
578
579
580
581
582
583
584
585-1
585-2
585-3
585
586-1
586-2
586-3
586
587
588
589
590
591
592-1
592
593-1
593
594
595
596
597
598
599
600
601
602
603
604
605
606
607
608
609
610
611
612
613
614
615
616
617
618-1
618
619
620
621
622
623
624
625
626
627
628-1
628
629
630
631
632
633
634
635
636
637
638
639
640
641-1
641
642-1
642
643
644
645-1
645
646-1
646-2
646
647-1
647
648-1
648
649
650
651
652
653
654
655
656
657
658
659
660
661
662
663
664
665
666
667
668-1
668
669
670
671
672
673
674
675
676
677
678-1
678
679
680
681-1
681
682
683
684
685
686
687
688
689
690
691
692
693
694
695
696
697
698
699
700
701
702
703
704
705-1
705
706-1
706
707
708
709
710
711
712
713-1
713
714
715
716
717
718-1
718-2
718
719-1
719
720-1
720
721
722
723
724-1
724
725
726
727
728
729
730
731
732
733
734
735
736
737
738
739
740
741-1
741-2
741-3
741
742
743
744
745-1
745-2
745
746-1
746
747
748
749
750
751
752
753
754
755
756
757
758
759
760
761
762
763
764
765
766
767
768
769
770
771
772
773
774-1
774
775
776
777
778
779
780
781
782
783
784
785
786
787
788
789
790
791
792
793
794
795
796
797
798
799
800-1
800-2
800-3
800
801
802
803
804
805
806
807
808
809-1
809
810
811
812-1
812
813
814
815-1
815
816
817
818-1
818
819
820
821
822
823-1
823
824
825
826-1
826
827
828
829
830
831
832
833
834-1
834
835
836
837
838
839-1
839
840
841-1
841
842
843
844-1
844
845
846
847
848
849-1
849-2
849
850
851-1
851
852
853
854
855
856
857
858-1
858
859
860
861-1
861
862
863
864
865
866
867
868
869-1
869
870
871
872
873
874
875-1
875
876-1
876
877-1
877
878
879-1
879
880
881
882
883
884-1
884
885
886
887
888-1
888
889-1
889
890
891
892-1
892-2
892-3
892
893
894
895
896
897
898-1
898-2
898
899
900
901
902-1
902
903
904
905-1
905
906
907
908
909
910
911
912
913
914
915
916-1
916
917
918
919
920
921
922
923
924
925-1
925
926
927
928
929
930
931-1
931-2
931-3
931
932
933
934
935
936
937
938
939
940
941
942
943
944
945
946
947
948
949
950
951
952
953
954
955
956
957
958
959
960
961
962
963
964-1
964
965
966
967
968
969
970
971
972
973
974
975
976
977
978-1
978-2
978
979
980
981
982-1
982
983
984
985
986
987
988
989
990
991
992
993
994
995
996
997
998
999-1
999
1000
1001
1002
1003
1004
1005
1006
1007
1008